[PATHS]
target_directory = D:/Shares/TataMotors/
investment_amount = 1000000
symbol = TataMotors

[THRESHOLDS_Dixon]

[THRESHOLDS_TataMotors]
price_long = 0.18235133681446314
del_long = -0.014330461621284485
oi_long = 12.665431033819914
price_short = -0.12037741020321846
del_short = -0.2238928135484457
oi_short = 0.42094049975275993
absolute_oi_change_long = 0.09814416617155075
vwap_long = -0.3598281145095825
5dad_long = -0.5209986418485641
delivery_long = -0.2585199475288391
5dad_short = -0.05847201310098171
absolute_oi_change_short = 0.08718215674161911
delivery_short = -0.14620538614690304
vwap_short = 0.48097577691078186

