[PATHS]
target_directory = D:/Shares/RELIANCE/
symbol = RELIANCE
investment_amount = 1000000

[TRADING]
hard_exit_pct = 0.95
trailing_exit_pct = -15
ema_exit_long_pct = 10
ema_exit_short_pct = 10

[THRESHOLDS_Dixon]

[THRESHOLDS_TataMotors]
price_long = 0.18235133681446314
del_long = -0.014330461621284485
oi_long = 12.665431033819914
price_short = -0.12037741020321846
del_short = -0.2238928135484457
oi_short = 0.42094049975275993
absolute_oi_change_long = 0.09814416617155075
vwap_long = -0.3598281145095825
5dad_long = -0.5209986418485641
delivery_long = -0.2585199475288391
5dad_short = -0.05847201310098171
absolute_oi_change_short = 0.08718215674161911
delivery_short = -0.14620538614690304
vwap_short = 0.48097577691078186

[THRESHOLDS_INDUSINDBK]
price_long = -0.3094489201903343
del_long = -0.13416140899062157
oi_long = -0.1145876832306385
price_short = -0.22862481139600277
del_short = -0.17145079374313354
oi_short = 0.12065815180540085
absolute_oi_change_long = -0.06728532165288925
vwap_long = -0.5137702971696854
5dad_long = 0.6238258183002472
delivery_long = -0.055448904633522034
5dad_short = 0.6000022292137146
delivery_short = 0.03691524267196655
vwap_short = -0.10384055972099304
absolute_oi_change_short = 0.29277774691581726

[THRESHOLDS_DABUR]
price_long = 1.027474
price_short = -0.988504
del_long = 104.140904
del_short = 72.065441
oi_long = 2.470914
oi_short = -2.516193
absolute_oi_change_long = 272500.000000
absolute_oi_change_short = -307500.000000
vwap_long = 524.614200
vwap_short = 514.225800
5dad_long = 69.106789
5dad_short = 56.471468
delivery_long = 65.980287
delivery_short = 50.811898

[THRESHOLDS_TATASTEEL]
price_long = 1.099275
price_short = -1.119895
del_long = 104.070278
del_short = 71.827082
oi_long = 1.917587
oi_short = -2.101797
absolute_oi_change_long = 4532000.000000
absolute_oi_change_short = -4932400.000000
vwap_long = 153.156400
vwap_short = 150.123600
5dad_long = 250.045779
5dad_short = 196.155755
delivery_long = 228.214213
delivery_short = 174.219559

[THRESHOLDS_RELIANCE]
price_long = 1.424739
price_short = -1.363649
del_long = 106.876004
del_short = 74.709614
oi_long = 2.496549
oi_short = -2.345248
absolute_oi_change_long = 882000.000000
absolute_oi_change_short = -851350.000000
vwap_long = 2044.452100
vwap_short = 2003.967900
5dad_long = 873.404667
5dad_short = 704.148398
delivery_long = 816.720814
delivery_short = 632.478962

