[PATHS]
target_directory = D:/Shares/INDUSINDBK/
symbol = INDUSINDBK
investment_amount = 1000000

[TRADING]
hard_exit_pct = 0.95
trailing_exit_pct = -15
ema_exit_long_pct = 10
ema_exit_short_pct = 10

[THRESHOLDS_Dixon]

[THRESHOLDS_TataMotors]
price_long = 0.18235133681446314
del_long = -0.014330461621284485
oi_long = 12.665431033819914
price_short = -0.12037741020321846
del_short = -0.2238928135484457
oi_short = 0.42094049975275993
absolute_oi_change_long = 0.09814416617155075
vwap_long = -0.3598281145095825
5dad_long = -0.5209986418485641
delivery_long = -0.2585199475288391
5dad_short = -0.05847201310098171
absolute_oi_change_short = 0.08718215674161911
delivery_short = -0.14620538614690304
vwap_short = 0.48097577691078186

[THRESHOLDS_Reliance]
price_long = -0.16662997007369995
del_long = -0.09730338305234909
oi_long = 0.33043260872364044
price_short = -0.16832257062196732
del_short = -0.2425822988152504
oi_short = 0.28321509063243866
vwap_long = -0.05838039331138134
absolute_oi_change_long = 0.49949369579553604
delivery_long = -0.09421838074922562
5dad_long = 0.16588857769966125
delivery_short = 0.14297433197498322
vwap_short = 0.24377064406871796
5dad_short = 0.3246447220444679
absolute_oi_change_short = 0.3119816780090332

[THRESHOLDS_INDUSINDBK]
price_long = -0.12447558809071779
del_long = -0.5186052769422531
oi_long = 0.2119043725542724
price_short = -0.10479318164288998
del_short = -0.32763516902923584
oi_short = 0.06770860962569714
absolute_oi_change_long = 0.14629444852471352
vwap_long = -0.7362478375434875
5dad_long = -0.38946251571178436
delivery_long = -0.6232859194278717
5dad_short = -0.41197730600833893
delivery_short = -0.46895972499623895
vwap_short = -0.6097780764102936
absolute_oi_change_short = 0.07069703284651041

