[PATHS]
target_directory = D:/Shares/BANKBARODA/
symbol = BANKBARODA
investment_amount = 100000

[TRADING]
hard_exit_pct = 0.95
trailing_exit_pct = -15
ema_exit_long_pct = 10
ema_exit_short_pct = 10

[THRESHOLDS_Dixon]

[THRESHOLDS_TataMotors]
price_long = 0.18235133681446314
del_long = -0.014330461621284485
oi_long = 12.665431033819914
price_short = -0.12037741020321846
del_short = -0.2238928135484457
oi_short = 0.42094049975275993
absolute_oi_change_long = 0.09814416617155075
vwap_long = -0.3598281145095825
5dad_long = -0.5209986418485641
delivery_long = -0.2585199475288391
5dad_short = -0.05847201310098171
absolute_oi_change_short = 0.08718215674161911
delivery_short = -0.14620538614690304
vwap_short = 0.48097577691078186

[THRESHOLDS_INDUSINDBK]
price_long = -0.3094489201903343
del_long = -0.13416140899062157
oi_long = -0.1145876832306385
price_short = -0.22862481139600277
del_short = -0.17145079374313354
oi_short = 0.12065815180540085
absolute_oi_change_long = -0.06728532165288925
vwap_long = -0.5137702971696854
5dad_long = 0.6238258183002472
delivery_long = -0.055448904633522034
5dad_short = 0.6000022292137146
delivery_short = 0.03691524267196655
vwap_short = -0.10384055972099304
absolute_oi_change_short = 0.29277774691581726

[THRESHOLDS_TATASTEEL]
price_long = 1.099275
price_short = -1.119895
del_long = 104.070278
del_short = 71.827082
oi_long = 1.917587
oi_short = -2.101797
absolute_oi_change_long = 4532000.000000
absolute_oi_change_short = -4932400.000000
vwap_long = 153.156400
vwap_short = 150.123600
5dad_long = 250.045779
5dad_short = 196.155755
delivery_long = 228.214213
delivery_short = 174.219559

[THRESHOLDS_RELIANCE]
price_long = 1.424739
price_short = -1.363649
del_long = 106.876004
del_short = 74.709614
oi_long = 2.496549
oi_short = -2.345248
absolute_oi_change_long = 882000.000000
absolute_oi_change_short = -851350.000000
vwap_long = 2044.452100
vwap_short = 2003.967900
5dad_long = 873.404667
5dad_short = 704.148398
delivery_long = 816.720814
delivery_short = 632.478962

[THRESHOLDS_DABUR]
price_long = 1.228499
price_short = -1.149729
del_long = 102.702756
del_short = 71.031984
oi_long = 2.118023
oi_short = -1.949277
absolute_oi_change_long = 261750.000000
absolute_oi_change_short = -251500.000000
vwap_long = 559.646050
vwap_short = 548.563950
5dad_long = 57.617921
5dad_short = 50.494045
delivery_long = 54.929654
delivery_short = 42.855043

[THRESHOLDS_DIXON]
price_long = 1.204735
price_short = -1.187275
del_long = 122.702996
del_short = 15.320810
oi_long = 2.011005
oi_short = -2.330111
absolute_oi_change_long = 347230.000000
absolute_oi_change_short = -352050.000000
vwap_long = 1672.393350
vwap_short = 1639.276650
5dad_long = 193.698499
5dad_short = 50.717050
delivery_long = 95.453573
delivery_short = 42.182604

[THRESHOLDS_SBIN]
price_long = 1.537877
price_short = -1.540637
del_long = 103.923627
del_short = 72.423377
oi_long = 2.468241
oi_short = -2.976704
absolute_oi_change_long = 2026500.000000
absolute_oi_change_short = -2505000.000000
vwap_long = 426.548250
vwap_short = 418.101750
5dad_long = 309.435155
5dad_short = 259.906277
delivery_long = 304.812491
delivery_short = 238.593519

[THRESHOLDS_AXISBANK]
price_long = 1.589700
price_short = -1.755699
del_long = 107.761192
del_short = 74.537527
oi_long = 2.186810
oi_short = -2.479659
absolute_oi_change_long = 955920.000000
absolute_oi_change_short = -1108800.000000
vwap_long = 689.900700
vwap_short = 676.239300
5dad_long = 369.553913
5dad_short = 294.378530
delivery_long = 348.273242
delivery_short = 263.912767

[THRESHOLDS_BANKBARODA]
price_long = 1.648312
price_short = -1.686910
del_long = 104.809546
del_short = 71.059885
oi_long = 2.912290
oi_short = -3.156442
absolute_oi_change_long = 3729960.000000
absolute_oi_change_short = -2998710.000000
vwap_long = 163.700800
vwap_short = 160.459200
5dad_long = 115.091856
5dad_short = 83.348318
delivery_long = 105.682112
delivery_short = 69.747883

